0 1 1300
1 1301 2600
2 2601 3900
3 3901 5200
4 5201 6500
5 6501 7800
6 7801 9100
7 9101 10400
8 10401 11700
9 11701 13000
10 13001 14300
11 14301 15600
12 15601 16900
13 16901 18200
14 18201 19500
15 19501 20800
16 20801 22100
17 22101 23400
18 23401 24700
19 24701 26000
20 26001 27300
21 27301 28600
22 28601 29900
23 29901 31200
24 31201 32500
25 32501 33800
26 33801 35100
27 35101 36400
28 36401 37700
29 37701 39000
30 39001 40300
31 40301 41600
32 41601 42900
33 42901 44200
34 44201 45500
35 45501 46800
36 46801 48100
37 48101 49400
38 49401 50700
39 50701 52000
40 52001 53300
41 53301 54600
42 54601 55900
43 55901 57017
44 57018 58317
45 58318 59617
46 59618 60917
47 60918 62217
48 62218 63517
49 63518 64817
50 64818 66117
51 66118 67383
52 67384 68683
53 68684 69983
54 69984 71283
55 71284 72583
56 72584 73883
57 73884 75183
58 75184 76483
59 76484 77783
60 77784 79083
61 79084 80383
62 80384 81454
63 81455 82754
64 82755 84054
65 84055 85354
66 85355 86654
67 86655 87954
68 87955 89254
69 89255 90554
70 90555 91854
71 91855 93154
72 93155 94454
73 94455 95754
74 95755 97054
75 97055 98354
76 98355 99654
77 99655 100954
78 100955 102254
79 102255 103554
80 103555 104854
81 104855 106154
82 106155 107454
83 107455 108754
84 108755 110054
85 110055 111354
86 111355 112654
87 112655 113954
88 113955 115254
89 115255 116554
90 116555 117854
91 117855 119154
92 119155 120454
93 120455 121754
94 121755 123054
95 123055 124354
96 124355 125654
97 125655 126954
98 126955 128095
99 128096 129395
100 129396 130695
101 130696 131995
102 131996 133295
103 133296 134567
104 134568 135867
105 135868 137167
106 137168 138467
107 138468 139767
108 139768 141067
109 141068 142367
110 142368 143667
111 143668 144967
112 144968 146267
113 146268 147567
114 147568 148867
115 148868 150167
116 150168 151467
117 151468 152767
118 152768 154067
119 154068 155367
120 155368 156667
121 156668 157967
122 157968 159267
123 159268 160567
124 160568 161867
125 161868 163167
126 163168 164467
127 164468 165767
128 165768 167067
129 167068 168367
130 168368 169667
131 169668 170967
132 170968 172267
133 172268 173567
134 173568 174867
135 174868 176167
136 176168 177467
137 177468 178767
138 178768 180067
139 180068 181367
140 181368 182667
141 182668 183967
142 183968 185267
143 185268 186567
144 186568 187867
145 187868 189167
146 189168 190467
147 190468 191617
148 191618 192917
149 192918 194217
150 194218 195517
151 195518 196817
152 196818 197589
153 197590 198889
154 198890 200189
155 200190 201489
156 201490 202789
157 202790 204089
158 204090 204949
159 204950 206249
160 206250 207549
161 207550 208849
162 208850 210149
163 210150 211449
164 211450 212585
165 212586 213317
166 213318 214342
167 214343 215096
168 215097 216386
169 216387 217686
170 217687 218986
171 218987 220286
172 220287 221586
173 221587 222886
174 222887 224186
175 224187 224924
176 224925 226224
177 226225 227524
178 227525 228824
179 228825 230124
180 230125 231424
181 231425 232682
182 232683 233982
183 233983 235255
184 235256 236555
185 236556 237855
186 237856 239155
187 239156 240455
188 240456 241432
189 241433 242732
190 242733 243668
191 243669 244968
192 244969 246268
193 246269 247568
194 247569 248724
195 248725 250024
196 250025 251324
197 251325 252624
198 252625 253924
199 253925 255224
200 255225 256524
201 256525 257824
202 257825 259124
203 259125 260424
204 260425 261724
205 261725 263024
206 263025 264242
207 264243 265542
208 265543 266842
209 266843 268142
210 268143 269442
211 269443 270742
212 270743 272042
213 272043 273342
214 273343 274642
215 274643 275942
216 275943 277242
217 277243 278542
218 278543 279842
219 279843 281142
220 281143 282442
221 282443 283411
222 283412 284711
223 284712 286011
224 286012 287311
225 287312 288611
226 288612 289911
227 289912 291211
228 291212 292511
229 292512 293811
230 293812 295111
231 295112 296411
232 296412 297711
233 297712 299011
234 299012 300311
235 300312 301611
236 301612 302911
237 302912 304211
238 304212 305511
239 305512 306811
240 306812 308111
241 308112 309411
242 309412 310711
243 310712 312011
244 312012 313311
245 313312 314611
246 314612 315911
247 315912 317211
248 317212 318511
249 318512 319811
250 319812 321111
251 321112 322411
252 322412 323365
253 323366 324665
254 324666 325965
255 325966 327265
256 327266 328565
257 328566 329865
258 329866 331165
259 331166 332465
260 332466 333765
261 333766 335065
262 335066 336135
263 336136 337435
264 337436 338735
265 338736 340035
266 340036 341335
267 341336 342635
268 342636 343390
269 343391 344690
270 344691 345990
271 345991 347290
272 347291 348590
273 348591 349890
274 349891 351190
275 351191 352490
276 352491 353790
277 353791 355090
278 355091 356390
279 356391 357690
280 357691 358990
281 358991 360290
282 360291 361590
283 361591 362890
284 362891 364190
285 364191 365490
286 365491 366790
287 366791 368090
288 368091 369390
289 369391 370690
290 370691 371990
291 371991 373290
292 373291 374590
293 374591 375890
294 375891 377190
295 377191 378490
296 378491 379790
297 379791 381090
298 381091 382390
299 382391 383690
300 383691 384990
301 384991 386290
302 386291 387590
303 387591 388890
304 388891 390190
305 390191 391490
306 391491 392790
307 392791 394090
308 394091 395390
309 395391 396690
310 396691 397990
311 397991 399290
312 399291 400590
313 400591 401890
314 401891 403190
315 403191 404490
316 404491 405790
317 405791 407090
318 407091 408390
319 408391 409690
320 409691 410990
321 410991 412290
322 412291 413590
323 413591 414890
324 414891 416190
325 416191 417490
326 417491 418790
327 418791 420090
328 420091 421390
329 421391 422690
330 422691 423990
331 423991 425290
332 425291 426590
333 426591 427890
334 427891 429190
335 429191 430396
336 430397 431696
337 431697 432996
338 432997 434296
339 434297 435596
340 435597 436896
341 436897 438196
342 438197 439496
343 439497 440796
344 440797 442096
345 442097 443396
346 443397 444696
347 444697 445996
348 445997 447296
349 447297 448596
350 448597 449896
351 449897 451196
352 451197 452496
353 452497 453796
354 453797 455096
355 455097 456396
356 456397 457696
357 457697 458996
358 458997 460296
359 460297 461596
360 461597 462896
361 462897 464196
362 464197 465496
363 465497 466796
364 466797 468096
365 468097 469396
366 469397 470696
367 470697 471996
368 471997 473296
369 473297 474596
370 474597 475896
371 475897 477196
372 477197 478496
373 478497 479796
374 479797 481096
375 481097 482396
376 482397 483696
377 483697 484996
378 484997 486296
379 486297 487596
380 487597 488896
381 488897 490196
382 490197 491496
383 491497 492796
384 492797 494096
385 494097 495396
386 495397 496696
387 496697 497996
388 497997 499296
389 499297 500596
390 500597 501761
391 501762 503061
392 503062 504030
393 504031 505330
394 505331 506630
395 506631 507930
396 507931 509230
397 509231 510530
398 510531 511830
399 511831 513130
400 513131 514430
401 514431 515730
402 515731 517030
403 517031 518330
404 518331 519630
405 519631 520930
406 520931 522230
407 522231 523530
408 523531 524830
409 524831 526122
410 526123 527422
411 527423 528722
412 528723 530022
413 530023 531322
414 531323 532622
415 532623 533922
416 533923 535222
417 535223 536522
418 536523 537758
419 537759 539058
420 539059 540358
421 540359 541658
422 541659 542958
423 542959 544258
424 544259 545558
425 545559 546858
426 546859 548057
427 548058 549357
428 549358 550657
429 550658 551957
430 551958 553257
431 553258 554557
432 554558 555857
433 555858 557157
434 557158 558457
435 558458 559757
436 559758 561057
437 561058 562357
438 562358 563657
439 563658 564866
440 564867 566166
441 566167 567466
442 567467 568766
443 568767 570066
444 570067 571366
445 571367 572666
446 572667 573966
447 573967 575266
448 575267 576566
449 576567 577866
450 577867 579166
451 579167 580466
452 580467 581766
453 581767 583066
454 583067 584366
455 584367 585666
456 585667 586966
457 586967 588266
458 588267 589566
459 589567 590866
460 590867 592166
461 592167 593466
462 593467 594766
463 594767 596066
464 596067 597366
465 597367 598542
466 598543 599842
467 599843 601142
468 601143 602442
469 602443 603742
470 603743 605042
471 605043 606342
472 606343 607642
473 607643 608942
474 608943 610242
475 610243 611542
476 611543 612842
477 612843 614142
478 614143 615442
479 615443 616742
480 616743 618042
481 618043 619228
482 619229 620528
483 620529 621828
484 621829 623128
485 623129 624428
486 624429 625728
487 625729 627028
488 627029 628328
489 628329 629628
490 629629 630928
491 630929 632122
492 632123 633422
493 633423 634722
494 634723 636022
495 636023 637322
496 637323 638622
497 638623 639922
498 639923 641222
499 641223 642289
500 642290 643589
501 643590 644618
502 644619 645918
503 645919 647072
504 647073 648372
505 648373 649672
506 649673 650972
507 650973 652188
508 652189 653488
509 653489 654788
510 654789 656088
511 656089 657388
512 657389 658688
513 658689 659988
514 659989 661288
515 661289 662588
516 662589 663888
517 663889 665188
518 665189 666488
519 666489 667788
520 667789 669088
521 669089 670275
522 670276 671575
523 671576 672875
524 672876 674175
525 674176 675475
526 675476 676775
527 676776 678075
528 678076 679375
529 679376 680675
530 680676 681975
531 681976 682864
532 682865 684164
533 684165 685464
534 685465 686764
535 686765 688064
536 688065 689275
537 689276 690575
538 690576 691875
539 691876 693175
540 693176 694475
541 694476 695775
542 695776 697075
543 697076 698375
544 698376 699675
545 699676 700975
546 700976 702275
547 702276 703575
548 703576 704875
549 704876 706175
550 706176 707311
551 707312 708464
552 708465 709764
553 709765 711064
554 711065 712364
555 712365 713664
556 713665 714964
557 714965 716264
558 716265 717564
559 717565 718864
560 718865 720164
561 720165 721464
562 721465 722764
563 722765 724064
564 724065 725364
565 725365 726664
566 726665 727964
567 727965 729186
568 729187 730486
569 730487 731786
570 731787 733086
571 733087 734386
572 734387 735686
573 735687 736986
574 736987 738286
575 738287 739586
576 739587 740886
577 740887 742168
578 742169 743468
579 743469 744768
580 744769 746068
581 746069 747368
582 747369 748668
583 748669 749951
584 749952 751251
585 751252 752231
586 752232 753531
587 753532 754831
588 754832 756131
589 756132 757431
590 757432 758465
591 758466 759765
592 759766 761065
593 761066 762365
594 762366 763665
595 763666 764965
596 764966 765856
597 765857 767156
598 767157 768456
599 768457 769756
600 769757 771056
601 771057 772356
602 772357 773656
603 773657 774956
604 774957 776256
605 776257 777556
606 777557 778856
607 778857 780156
608 780157 781456
609 781457 782756
610 782757 784041
611 784042 785341
612 785342 786641
613 786642 787941
614 787942 789241
615 789242 790541
616 790542 791841
617 791842 793141
618 793142 794441
619 794442 795741
620 795742 797041
621 797042 798341
622 798342 799641
623 799642 800627
624 800628 801927
625 801928 803227
626 803228 804527
627 804528 805827
628 805828 807127
629 807128 808427
630 808428 809564
631 809565 810836
632 810837 812136
633 812137 813436
634 813437 814736
635 814737 815891
636 815892 817191
637 817192 818491
638 818492 819791
639 819792 821091
640 821092 822391
641 822392 823691
642 823692 824991
643 824992 826291
644 826292 827591
645 827592 828891
646 828892 830191
647 830192 831491
648 831492 832791
649 832792 834091
650 834092 835391
651 835392 836691
652 836692 837991
653 837992 839088
654 839089 840388
655 840389 841688
656 841689 842988
657 842989 844288
658 844289 845588
659 845589 846888
660 846889 848188
661 848189 849488
662 849489 850637
663 850638 851792
664 851793 853092
665 853093 854392
666 854393 855692
667 855693 856992
668 856993 858292
669 858293 859592
670 859593 860892
671 860893 862192
672 862193 863492
673 863493 864792
674 864793 866092
675 866093 867251
676 867252 868384
677 868385 869684
678 869685 870864
679 870865 872164
680 872165 873464
681 873465 874764
682 874765 876064
683 876065 877364
684 877365 878664
685 878665 879964
686 879965 881084
687 881085 882384
688 882385 883684
689 883685 884689
690 884690 885989
691 885990 887289
692 887290 888589
693 888590 889889
694 889890 891189
695 891190 892489
696 892490 893789
697 893790 895089
698 895090 896389
699 896390 897689
700 897690 898989
701 898990 900289
702 900290 901589
703 901590 902889
704 902890 904189
705 904190 905489
706 905490 906641
707 906642 907941
708 907942 909097
709 909098 910397
710 910398 911697
711 911698 912997
712 912998 913959
713 913960 915259
714 915260 916416
715 916417 917716
716 917717 919016
717 919017 920316
718 920317 921616
719 921617 922916
720 922917 924216
721 924217 925516
722 925517 926798
723 926799 927915
724 927916 929033
725 929034 930333
726 930334 931633
727 931634 932903
728 932904 933972
729 933973 935025
730 935026 936325
731 936326 937579
732 937580 938879
733 938880 940179
734 940180 941479
735 941480 942779
736 942780 944079
737 944080 945379
738 945380 946679
739 946680 947979
740 947980 948887
741 948888 950187
742 950188 951487
743 951488 952787
744 952788 954087
745 954088 955387
746 955388 956687
747 956688 957934
748 957935 959234
749 959235 960534
750 960535 961834
751 961835 963134
752 963135 964434
753 964435 965687
754 965688 966987
755 966988 968287
756 968288 969587
757 969588 970887
758 970888 972187
759 972188 973487
760 973488 974787
761 974788 976087
762 976088 977387
763 977388 978687
764 978688 979987
765 979988 981287
766 981288 982587
767 982588 983887
768 983888 985187
769 985188 986487
770 986488 987787
771 987788 988816
772 988817 990075
773 990076 991375
774 991376 992675
775 992676 993975
776 993976 995275
777 995276 996575
778 996576 997875
779 997876 999175
780 999176 1000475
781 1000476 1001775
782 1001776 1003042
783 1003043 1004342
784 1004343 1005642
785 1005643 1006942
786 1006943 1008242
787 1008243 1009542
788 1009543 1010842
789 1010843 1012091
790 1012092 1013391
791 1013392 1014691
792 1014692 1015991
793 1015992 1017291
794 1017292 1018591
795 1018592 1019891
796 1019892 1021191
797 1021192 1022491
798 1022492 1023653
799 1023654 1024953
800 1024954 1026253
801 1026254 1027553
802 1027554 1028853
803 1028854 1030153
804 1030154 1031453
805 1031454 1032753
806 1032754 1034053
807 1034054 1035353
808 1035354 1036653
809 1036654 1037953
810 1037954 1038998
811 1038999 1040002
812 1040003 1041240
813 1041241 1042540
814 1042541 1043840
815 1043841 1045140
816 1045141 1046440
817 1046441 1047740
818 1047741 1049040
819 1049041 1050340
820 1050341 1051640
821 1051641 1052793
822 1052794 1054093
823 1054094 1055393
824 1055394 1056693
825 1056694 1057993
826 1057994 1059077
827 1059078 1060377
828 1060378 1061677
829 1061678 1062977
830 1062978 1064277
831 1064278 1065577
832 1065578 1066877
833 1066878 1068177
834 1068178 1069477
835 1069478 1070777
836 1070778 1072077
837 1072078 1073377
838 1073378 1074594
839 1074595 1075894
840 1075895 1077194
841 1077195 1078125
842 1078126 1079425
843 1079426 1080725
844 1080726 1082025
845 1082026 1083325
846 1083326 1084625
847 1084626 1085925
848 1085926 1087225
849 1087226 1088525
850 1088526 1089825
851 1089826 1091125
852 1091126 1092425
853 1092426 1093725
854 1093726 1094989
855 1094990 1096289
856 1096290 1097589
857 1097590 1098565
858 1098566 1099865
859 1099866 1101165
860 1101166 1102415
861 1102416 1103715
862 1103716 1105015
863 1105016 1106315
864 1106316 1107615
865 1107616 1108915
866 1108916 1110215
867 1110216 1111515
868 1111516 1112815
869 1112816 1113868
870 1113869 1115168
871 1115169 1116468
872 1116469 1117628
873 1117629 1118928
874 1118929 1120228
875 1120229 1121528
876 1121529 1122828
877 1122829 1124128
878 1124129 1125428
879 1125429 1126728
880 1126729 1128028
881 1128029 1129328
882 1129329 1130628
883 1130629 1131928
884 1131929 1133228
885 1133229 1134290
886 1134291 1135590
887 1135591 1136890
888 1136891 1138190
889 1138191 1139490
890 1139491 1140790
891 1140791 1141927
892 1141928 1143226
893 1143227 1144526
894 1144527 1145826
895 1145827 1147126
896 1147127 1148426
897 1148427 1149726
898 1149727 1151026
899 1151027 1152326
900 1152327 1153626
901 1153627 1154681
902 1154682 1155981
903 1155982 1157281
904 1157282 1158581
905 1158582 1159881
906 1159882 1161094
907 1161095 1162394
908 1162395 1163694
909 1163695 1164994
910 1164995 1166294
911 1166295 1167594
912 1167595 1168894
913 1168895 1170194
914 1170195 1171400
915 1171401 1172700
916 1172701 1174000
917 1174001 1175300
918 1175301 1176600
919 1176601 1177900
920 1177901 1179200
921 1179201 1180354
922 1180355 1181654
923 1181655 1182954
924 1182955 1184254
925 1184255 1185461
926 1185462 1186610
927 1186611 1187910
928 1187911 1189210
929 1189211 1190510
930 1190511 1191810
931 1191811 1193110
932 1193111 1194410
933 1194411 1195710
934 1195711 1197010
935 1197011 1198310
936 1198311 1199610
937 1199611 1200910
938 1200911 1202210
939 1202211 1203510
940 1203511 1204749
941 1204750 1206049
942 1206050 1207349
943 1207350 1208649
944 1208650 1209949
945 1209950 1211249
946 1211250 1212374
947 1212375 1213674
948 1213675 1214974
949 1214975 1216274
950 1216275 1217574
951 1217575 1218874
952 1218875 1220174
953 1220175 1221474
954 1221475 1222774
955 1222775 1224074
956 1224075 1225374
957 1225375 1226674
958 1226675 1227974
959 1227975 1229274
960 1229275 1230574
961 1230575 1231874
962 1231875 1233174
963 1233175 1234474
964 1234475 1235774
965 1235775 1237074
966 1237075 1238374
967 1238375 1239674
968 1239675 1240974
969 1240975 1242167
970 1242168 1243467
971 1243468 1244767
972 1244768 1246067
973 1246068 1247367
974 1247368 1248667
975 1248668 1249967
976 1249968 1251267
977 1251268 1252567
978 1252568 1253867
979 1253868 1255167
980 1255168 1256467
981 1256468 1257767
982 1257768 1259067
983 1259068 1260367
984 1260368 1261667
985 1261668 1262967
986 1262968 1264267
987 1264268 1265567
988 1265568 1266867
989 1266868 1268167
990 1268168 1269467
991 1269468 1270767
992 1270768 1272067
993 1272068 1273367
994 1273368 1274667
995 1274668 1275967
996 1275968 1277267
997 1277268 1278567
998 1278568 1279867
